# Force and moment coefficients
# dragDir       : (1.00000000e+00 0.00000000e+00 0.00000000e+00)
# sideDir       : (0.00000000e+00 0.00000000e+00 -1.00000000e+00)
# liftDir       : (0.00000000e+00 1.00000000e+00 0.00000000e+00)
# rollAxis      : (1.00000000e+00 0.00000000e+00 0.00000000e+00)
# pitchAxis     : (0.00000000e+00 0.00000000e+00 -1.00000000e+00)
# yawAxis       : (0.00000000e+00 1.00000000e+00 0.00000000e+00)
# magUInf       : 2.36600000e+02
# lRef          : 1.03300000e-01
# Aref          : 6.78000000e-03
# CofR          : (3.50000000e-02 0.00000000e+00 0.00000000e+00)
#
# Time          	Cd              	Cd(f)           	Cd(r)           	Cl              	Cl(f)           	Cl(r)           	CmPitch         	CmRoll          	CmYaw           	Cs              	Cs(f)           	Cs(r)           
1               	1.24555560e-01	6.52369829e-02	5.93185770e-02	-7.58423335e-05	-2.07654962e-03	2.00070729e-03	-2.03862845e-03	2.95920292e-03	7.35552265e-03	2.07235992e-01	1.10973519e-01	9.62624735e-02
2               	2.34463595e-01	1.20432285e-01	1.14031310e-01	-3.24720745e-05	-3.74906752e-03	3.71659545e-03	-3.73283149e-03	3.20048716e-03	1.66085389e-02	2.26019118e-01	1.29618098e-01	9.64010200e-02
3               	2.35607400e-01	1.21031103e-01	1.14576297e-01	1.86212355e-04	-3.48251595e-03	3.66872831e-03	-3.57562213e-03	3.22740301e-03	1.38694257e-02	2.32373584e-01	1.30056218e-01	1.02317366e-01
4               	1.66070570e-01	8.60272827e-02	8.00432871e-02	6.14844084e-04	-1.92058196e-03	2.53542604e-03	-2.22800400e-03	2.99199780e-03	4.49570534e-03	2.24941708e-01	1.16966559e-01	1.07975148e-01
5               	6.92160928e-02	3.72628865e-02	3.19532064e-02	1.03545310e-03	6.66905979e-05	9.68762499e-04	-4.51035950e-04	2.65484005e-03	-6.57411231e-03	2.09857989e-01	9.83548820e-02	1.11503107e-01
6               	-1.64175898e-02	-5.82237302e-03	-1.05952168e-02	1.26466434e-03	1.67976988e-03	-4.15105539e-04	1.04743771e-03	2.38642188e-03	-1.49973576e-02	1.93977714e-01	8.19914994e-02	1.11986215e-01
7               	-6.56579365e-02	-3.05111963e-02	-3.51467402e-02	1.10971584e-03	2.42967588e-03	-1.31996005e-03	1.87481796e-03	2.31777200e-03	-1.85108795e-02	1.82937278e-01	7.29577595e-02	1.09979518e-01
8               	-7.11447708e-02	-3.31095733e-02	-3.80351975e-02	5.53846224e-04	2.23230801e-03	-1.67846178e-03	1.95538490e-03	2.46281214e-03	-1.70651654e-02	1.79249667e-01	7.25596681e-02	1.06689999e-01
9               	-4.20132446e-02	-1.82977414e-02	-2.37155033e-02	-1.05269796e-04	1.41664502e-03	-1.52191482e-03	1.46927992e-03	2.70888096e-03	-1.23181744e-02	1.82353192e-01	7.88584215e-02	1.03494770e-01
10              	2.90857871e-03	4.40316378e-03	-1.49458507e-03	-6.80389928e-04	3.66900353e-04	-1.04729028e-03	7.07095317e-04	2.94887443e-03	-6.53305780e-03	1.88778634e-01	8.78562593e-02	1.00922375e-01
11              	4.47958767e-02	2.54985810e-02	1.92972957e-02	-1.00062051e-03	-5.29195912e-04	-4.71424595e-04	-2.88856586e-05	3.10064269e-03	-1.85803221e-03	1.95299490e-01	9.57917130e-02	9.95077775e-02
12              	7.04109310e-02	3.83572854e-02	3.20536456e-02	-1.06226395e-03	-1.02149636e-03	-4.07675934e-05	-4.90364382e-04	3.15181991e-03	3.09929024e-04	1.99944760e-01	1.00282309e-01	9.96624511e-02
13              	7.53929928e-02	4.08188650e-02	3.45741278e-02	-9.36924917e-04	-1.06253813e-03	1.25613213e-04	-5.94075672e-04	3.12236863e-03	-1.80170473e-04	2.01771008e-01	1.00705333e-01	1.01065674e-01
14              	6.37433035e-02	3.49118550e-02	2.88314484e-02	-7.09707818e-04	-7.45097707e-04	3.53898890e-05	-3.90243798e-04	3.04020332e-03	-2.48182638e-03	2.01020734e-01	9.80285405e-02	1.02992193e-01
15              	4.39973673e-02	2.49501254e-02	1.90472419e-02	-4.97724350e-04	-2.73173809e-04	-2.24550541e-04	-2.43116343e-05	2.95144177e-03	-5.36596697e-03	1.98843036e-01	9.40555509e-02	1.04787485e-01
16              	2.51526256e-02	1.54746986e-02	9.67792697e-03	-3.95457126e-04	1.60232418e-04	-5.55689544e-04	3.57960981e-04	2.89838580e-03	-7.73009701e-03	1.96561223e-01	9.05505147e-02	1.06010709e-01
17              	1.33810970e-02	9.59330390e-03	3.78779309e-03	-4.49024158e-04	4.14470232e-04	-8.63494390e-04	6.38982311e-04	2.90275540e-03	-8.89619906e-03	1.95054826e-01	8.86312140e-02	1.06423612e-01
18              	1.06786856e-02	8.28724240e-03	2.39144317e-03	-6.13306145e-04	4.38783279e-04	-1.05208942e-03	7.45436351e-04	2.94789961e-03	-8.77182354e-03	1.94592619e-01	8.85244860e-02	1.06068133e-01
19              	1.54215263e-02	1.07268333e-02	4.69469293e-03	-8.41346913e-04	2.73715576e-04	-1.11506249e-03	6.94389032e-04	3.01607020e-03	-7.72053683e-03	1.95002344e-01	8.97806349e-02	1.05221709e-01
20              	2.38651952e-02	1.50092139e-02	8.85598132e-03	-1.03303284e-03	4.37580529e-05	-1.07679089e-03	5.60274473e-04	3.07661627e-03	-6.32238967e-03	1.95831834e-01	9.15935272e-02	1.04238307e-01
21              	3.21105508e-02	1.91579673e-02	1.29525836e-02	-1.10091894e-03	-1.37418305e-04	-9.63500639e-04	4.13041167e-04	3.10269186e-03	-5.14321903e-03	1.96697019e-01	9.32052906e-02	1.03491729e-01
22              	3.73935368e-02	2.17952275e-02	1.55983093e-02	-1.06178944e-03	-2.21230315e-04	-8.40559127e-04	3.09664406e-04	3.09845908e-03	-4.54077820e-03	1.97333268e-01	9.41258559e-02	1.03207412e-01
23              	3.86955667e-02	2.24333428e-02	1.62622239e-02	-9.80305412e-04	-2.31806427e-04	-7.48498985e-04	2.58346279e-04	3.08555943e-03	-4.57842146e-03	1.97629848e-01	9.42365024e-02	1.03393345e-01
24              	3.67137637e-02	2.14204339e-02	1.52933298e-02	-8.73386232e-04	-1.93916160e-04	-6.79470071e-04	2.42776955e-04	3.06355202e-03	-5.07648854e-03	1.97622027e-01	9.37345249e-02	1.03887502e-01
25              	3.30732098e-02	1.95678430e-02	1.35053668e-02	-7.51254768e-04	-1.34217929e-04	-6.17036838e-04	2.41409454e-04	3.03123810e-03	-5.74729079e-03	1.97452271e-01	9.29788447e-02	1.04473426e-01
26              	2.94676049e-02	1.77228559e-02	1.17447489e-02	-6.06976558e-04	-6.62845266e-05	-5.40692031e-04	2.37203752e-04	2.98905351e-03	-6.32147089e-03	1.97268037e-01	9.23125474e-02	1.04955489e-01
27              	2.70926277e-02	1.64931780e-02	1.05994497e-02	-4.74583801e-04	-3.10947964e-05	-4.43489004e-04	2.06197104e-04	2.94686411e-03	-6.63322277e-03	1.97155501e-01	9.19445279e-02	1.05210973e-01
28              	2.63966441e-02	1.61040304e-02	1.02926137e-02	-3.59665164e-04	-2.28093317e-05	-3.36855833e-04	1.57023250e-04	2.90570839e-03	-6.64675462e-03	1.97144327e-01	9.19254090e-02	1.05218918e-01
29              	2.71121095e-02	1.64222289e-02	1.06898806e-02	-2.55677900e-04	-2.47427383e-05	-2.30935162e-04	1.03096212e-04	2.86617419e-03	-6.43898379e-03	1.97206754e-01	9.21643934e-02	1.05042361e-01
30              	2.85724899e-02	1.71136555e-02	1.14588344e-02	-1.44979899e-04	-1.58428652e-05	-1.29137034e-04	5.66470845e-05	2.82741055e-03	-6.14150858e-03	1.97301678e-01	9.25093304e-02	1.04792348e-01
31              	3.00545077e-02	1.78197027e-02	1.22348050e-02	-3.22730068e-05	5.36083627e-06	-3.76338431e-05	2.14973397e-05	2.79244884e-03	-5.88131915e-03	1.97387000e-01	9.28121811e-02	1.04574819e-01
32              	3.10360469e-02	1.82835179e-02	1.27525290e-02	7.79012860e-05	3.49249847e-05	4.29763013e-05	-4.02565827e-06	2.76549441e-03	-5.73862645e-03	1.97445660e-01	9.29842035e-02	1.04461456e-01
33              	3.13042926e-02	1.83942035e-02	1.29100891e-02	1.91643296e-04	6.82986603e-05	1.23344635e-04	-2.75229876e-05	2.74205721e-03	-5.73430822e-03	1.97480325e-01	9.30058541e-02	1.04474471e-01
34              	3.09520488e-02	1.81921470e-02	1.27599017e-02	3.14475256e-04	1.01110849e-04	2.13364407e-04	-5.61267790e-05	2.71612265e-03	-5.83707866e-03	1.97505491e-01	9.29156667e-02	1.04589824e-01
35              	3.02669645e-02	1.78152419e-02	1.24517225e-02	4.54061387e-04	1.32082971e-04	3.21978416e-04	-9.49477227e-05	2.68175969e-03	-5.98628465e-03	1.97533478e-01	9.27804542e-02	1.04753024e-01
36              	2.95749118e-02	1.74315634e-02	1.21433483e-02	5.88013376e-04	1.55766822e-04	4.32246554e-04	-1.38239866e-04	2.64410755e-03	-6.12046714e-03	1.97568559e-01	9.26638122e-02	1.04904746e-01
37              	2.91182103e-02	1.71620919e-02	1.19561184e-02	7.14675026e-04	1.80554898e-04	5.34120128e-04	-1.76782615e-04	2.60298676e-03	-6.19836391e-03	1.97604072e-01	9.26036722e-02	1.05000400e-01
38              	2.89911131e-02	1.70573246e-02	1.19337884e-02	8.29301715e-04	2.11184047e-04	6.18117668e-04	-2.03466811e-04	2.56176810e-03	-6.20782916e-03	1.97628744e-01	9.26065429e-02	1.05022201e-01
39              	2.91490391e-02	1.71026883e-02	1.20463509e-02	9.17199795e-04	2.44609040e-04	6.72590754e-04	-2.13990857e-04	2.52816868e-03	-6.16339551e-03	1.97635184e-01	9.26541966e-02	1.04980988e-01
40              	2.94612014e-02	1.72431059e-02	1.22180956e-02	9.60503756e-04	2.72501810e-04	6.88001946e-04	-2.07750068e-04	2.51250515e-03	-6.09449773e-03	1.97622667e-01	9.27168356e-02	1.04905831e-01
41              	2.97777581e-02	1.74033736e-02	1.23743844e-02	9.60084640e-04	2.88338787e-04	6.71745853e-04	-1.91703533e-04	2.51449460e-03	-6.03158604e-03	1.97597705e-01	9.27672663e-02	1.04830438e-01
42              	2.99883272e-02	1.75210288e-02	1.24672984e-02	9.34733656e-04	2.94738144e-04	6.39995512e-04	-1.72628684e-04	2.52686520e-03	-5.99522314e-03	1.97574601e-01	9.27920772e-02	1.04782523e-01
43              	3.00481167e-02	1.75660224e-02	1.24820942e-02	9.02324839e-04	2.96100081e-04	6.06224759e-04	-1.55062339e-04	2.54196410e-03	-5.99188630e-03	1.97564780e-01	9.27905039e-02	1.04774277e-01
44              	2.99759903e-02	1.75416061e-02	1.24343842e-02	8.75683360e-04	2.96720879e-04	5.78962481e-04	-1.41120801e-04	2.55361093e-03	-6.01542607e-03	1.97573856e-01	9.27715018e-02	1.04802354e-01
45              	2.98313637e-02	1.74731523e-02	1.23582114e-02	8.63318408e-04	3.01842064e-04	5.61476345e-04	-1.29817141e-04	2.55747048e-03	-6.05208915e-03	1.97600145e-01	9.27479832e-02	1.04852162e-01
46              	2.96836509e-02	1.73982661e-02	1.22853848e-02	8.57405363e-04	3.11052426e-04	5.46352937e-04	-1.17650256e-04	2.55644061e-03	-6.08713781e-03	1.97637233e-01	9.27314787e-02	1.04905754e-01
47              	2.95840242e-02	1.73468892e-02	1.22371349e-02	8.48225614e-04	3.23571327e-04	5.24654287e-04	-1.00541480e-04	2.55487714e-03	-6.11022152e-03	1.97672961e-01	9.27262588e-02	1.04946702e-01
48              	2.95537578e-02	1.73357760e-02	1.22179817e-02	8.22773955e-04	3.34424294e-04	4.88349661e-04	-7.69626837e-05	2.55889714e-03	-6.11762431e-03	1.97698004e-01	9.27313776e-02	1.04966626e-01
49              	2.95839496e-02	1.73654950e-02	1.22184546e-02	7.70599268e-04	3.37199168e-04	4.33400100e-04	-4.81004658e-05	2.57352023e-03	-6.11211155e-03	1.97707766e-01	9.27417716e-02	1.04965995e-01
50              	2.96471334e-02	1.74215204e-02	1.22256130e-02	6.94011223e-04	3.28577657e-04	3.65433565e-04	-1.84279539e-05	2.59795370e-03	-6.10014498e-03	1.97702962e-01	9.27513363e-02	1.04951626e-01
51              	2.97120477e-02	1.74828542e-02	1.22291935e-02	6.06288982e-04	3.10150071e-04	2.96138911e-04	7.00558003e-06	2.62683032e-03	-6.08871200e-03	1.97689338e-01	9.27559568e-02	1.04933381e-01
52              	2.97553380e-02	1.75308421e-02	1.22244959e-02	5.25182534e-04	2.87711110e-04	2.37471424e-04	2.51198432e-05	2.65317311e-03	-6.08279565e-03	1.97674717e-01	9.27545627e-02	1.04920154e-01
53              	2.97676374e-02	1.75560922e-02	1.22115452e-02	4.63185402e-04	2.67084863e-04	1.96100539e-04	3.54921622e-05	2.67227349e-03	-6.08437499e-03	1.97666357e-01	9.27488037e-02	1.04917554e-01
54              	2.97515881e-02	1.75582650e-02	1.21933230e-02	4.25473398e-04	2.52785829e-04	1.72687568e-04	4.00491305e-05	2.68247101e-03	-6.09264664e-03	1.97668285e-01	9.27414961e-02	1.04926789e-01
55              	2.97201430e-02	1.75450705e-02	1.21750725e-02	4.10135681e-04	2.46511781e-04	1.63623900e-04	4.14439408e-05	2.68499896e-03	-6.10448958e-03	1.97680551e-01	9.27357857e-02	1.04944765e-01
56              	2.96869530e-02	1.75271984e-02	1.21597546e-02	4.08357082e-04	2.46711763e-04	1.61645319e-04	4.25332217e-05	2.68372192e-03	-6.11671394e-03	1.97699882e-01	9.27332268e-02	1.04966655e-01
57              	2.96621944e-02	1.75141282e-02	1.21480662e-02	4.09137030e-04	2.49886924e-04	1.59250106e-04	4.53184090e-05	2.68303100e-03	-6.12691596e-03	1.97721184e-01	9.27336758e-02	1.04987508e-01
58              	2.96492035e-02	1.75100959e-02	1.21391076e-02	4.04578472e-04	2.52120171e-04	1.52458301e-04	4.98309347e-05	2.68549418e-03	-6.13429684e-03	1.97739727e-01	9.27355664e-02	1.05004160e-01
59              	2.96463708e-02	1.75139646e-02	1.21324062e-02	3.93447422e-04	2.51150697e-04	1.42296724e-04	5.44269866e-05	2.69077919e-03	-6.13915904e-03	1.97752413e-01	9.27370473e-02	1.05015365e-01
60              	2.96496525e-02	1.75213686e-02	1.21282839e-02	3.80246525e-04	2.46886247e-04	1.33360278e-04	5.67629848e-05	2.69654234e-03	-6.14247698e-03	1.97758023e-01	9.27365346e-02	1.05021489e-01
61              	2.96534374e-02	1.75268413e-02	1.21265961e-02	3.71629278e-04	2.41048999e-04	1.30580279e-04	5.52343601e-05	2.70012258e-03	-6.14568990e-03	1.97757956e-01	9.27332881e-02	1.05024668e-01
62              	2.96537152e-02	1.75266561e-02	1.21270591e-02	3.72776815e-04	2.35897410e-04	1.36879405e-04	4.95090022e-05	2.69979850e-03	-6.14989042e-03	1.97755121e-01	9.27276702e-02	1.05027451e-01
63              	2.96487720e-02	1.75195433e-02	1.21292287e-02	3.85974001e-04	2.33535493e-04	1.52438507e-04	4.05484931e-05	2.69515730e-03	-6.15561701e-03	1.97752978e-01	9.27208720e-02	1.05032106e-01
64              	2.96380048e-02	1.75062069e-02	1.21317979e-02	4.09528787e-04	2.34809657e-04	1.74719130e-04	3.00452633e-05	2.68720449e-03	-6.16305900e-03	1.97754502e-01	9.27141919e-02	1.05040310e-01
65              	2.96237595e-02	1.74895441e-02	1.21342154e-02	4.39631796e-04	2.39538512e-04	2.00093284e-04	1.97226139e-05	2.67766434e-03	-6.17163392e-03	1.97760855e-01	9.27087937e-02	1.05052062e-01
66              	2.96101565e-02	1.74733413e-02	1.21368152e-02	4.71697976e-04	2.46636948e-04	2.25061028e-04	1.07879597e-05	2.66826305e-03	-6.18029221e-03	1.97771251e-01	9.27053334e-02	1.05065918e-01
67              	2.95986643e-02	1.74596638e-02	1.21390005e-02	5.01310419e-04	2.54366518e-04	2.46943901e-04	3.71130883e-06	2.66033168e-03	-6.18859617e-03	1.97783853e-01	9.27033303e-02	1.05080523e-01
68              	2.95880455e-02	1.74481377e-02	1.21399078e-02	5.26133371e-04	2.61294560e-04	2.64838811e-04	-1.77212514e-06	2.65411497e-03	-6.19669911e-03	1.97796687e-01	9.27016444e-02	1.05095043e-01
69              	2.95778999e-02	1.74380416e-02	1.21398584e-02	5.46146432e-04	2.66919373e-04	2.79227059e-04	-6.15384337e-06	2.64909160e-03	-6.20458859e-03	1.97807881e-01	9.26993518e-02	1.05108529e-01
70              	2.95692146e-02	1.74290654e-02	1.21401491e-02	5.62776706e-04	2.71539699e-04	2.91237007e-04	-9.84865415e-06	2.64445814e-03	-6.21202259e-03	1.97815836e-01	9.26958956e-02	1.05119941e-01
71              	2.95609232e-02	1.74202778e-02	1.21406453e-02	5.77264163e-04	2.75698430e-04	3.01565732e-04	-1.29336510e-05	2.63981623e-03	-6.21932603e-03	1.97820490e-01	9.26909192e-02	1.05129571e-01
72              	2.95523241e-02	1.74115131e-02	1.21408110e-02	5.89788335e-04	2.79697776e-04	3.10090559e-04	-1.51963913e-05	2.63535103e-03	-6.22677510e-03	1.97822893e-01	9.26846716e-02	1.05138222e-01
73              	2.95427935e-02	1.74028710e-02	1.21399225e-02	6.00162051e-04	2.83853383e-04	3.16308668e-04	-1.62276427e-05	2.63147423e-03	-6.23458923e-03	1.97824679e-01	9.26777503e-02	1.05146929e-01
74              	2.95322422e-02	1.73948861e-02	1.21373561e-02	6.07495321e-04	2.87977827e-04	3.19517494e-04	-1.57698333e-05	2.62876498e-03	-6.24283820e-03	1.97827449e-01	9.26708861e-02	1.05156562e-01
75              	2.95188017e-02	1.73870898e-02	1.21317119e-02	6.10767698e-04	2.91611168e-04	3.19156529e-04	-1.37726804e-05	2.62768898e-03	-6.25197476e-03	1.97832689e-01	9.26643698e-02	1.05168319e-01
76              	2.95037102e-02	1.73800778e-02	1.21236324e-02	6.09799568e-04	2.94258729e-04	3.15540838e-04	-1.06410544e-05	2.62822274e-03	-6.26170216e-03	1.97840462e-01	9.26585286e-02	1.05181933e-01
77              	2.94881771e-02	1.73739880e-02	1.21141891e-02	6.05496516e-04	2.95824068e-04	3.09672448e-04	-6.92419012e-06	2.62989941e-03	-6.27169831e-03	1.97849912e-01	9.26532578e-02	1.05196654e-01
78              	2.94733440e-02	1.73687856e-02	1.21045584e-02	5.99111986e-04	2.96397137e-04	3.02714850e-04	-3.15885659e-06	2.63211358e-03	-6.28165090e-03	1.97859755e-01	9.26482267e-02	1.05211528e-01
79              	2.94617976e-02	1.73651072e-02	1.20966904e-02	5.92317750e-04	2.96369853e-04	2.95947898e-04	2.10977337e-07	2.63420840e-03	-6.29089771e-03	1.97868217e-01	9.26432107e-02	1.05225006e-01
80              	2.94527876e-02	1.73624877e-02	1.20902999e-02	5.85391331e-04	2.95943394e-04	2.89447936e-04	3.24772915e-06	2.63609390e-03	-6.29959454e-03	1.97874635e-01	9.26377229e-02	1.05236912e-01
81              	2.94448217e-02	1.73603879e-02	1.20844338e-02	5.78062656e-04	2.95284534e-04	2.82778122e-04	6.25320571e-06	2.63797706e-03	-6.30807723e-03	1.97879174e-01	9.26315096e-02	1.05247664e-01
82              	2.94364718e-02	1.73584628e-02	1.20780090e-02	5.69746658e-04	2.94438588e-04	2.75308070e-04	9.56525878e-06	2.64022690e-03	-6.31667229e-03	1.97882521e-01	9.26245884e-02	1.05257933e-01
83              	2.94266996e-02	1.73564890e-02	1.20702106e-02	5.59961255e-04	2.93375514e-04	2.66585742e-04	1.33948860e-05	2.64313920e-03	-6.32563900e-03	1.97885640e-01	9.26171810e-02	1.05268459e-01
84              	2.94130360e-02	1.73534923e-02	1.20595436e-02	5.48059145e-04	2.91877784e-04	2.56181360e-04	1.78482120e-05	2.64697436e-03	-6.33560908e-03	1.97890006e-01	9.26093939e-02	1.05280612e-01
85              	2.93967671e-02	1.73497716e-02	1.20469955e-02	5.34971452e-04	2.89989928e-04	2.44981523e-04	2.25042025e-05	2.65138806e-03	-6.34628603e-03	1.97895843e-01	9.26016353e-02	1.05294207e-01
86              	2.93798466e-02	1.73457734e-02	1.20340732e-02	5.22018469e-04	2.87798949e-04	2.34219519e-04	2.67897149e-05	2.65585010e-03	-6.35722355e-03	1.97902758e-01	9.25941555e-02	1.05308603e-01
87              	2.93639210e-02	1.73418193e-02	1.20221017e-02	5.10465190e-04	2.85427950e-04	2.25037240e-04	3.01953550e-05	2.65985879e-03	-6.36804854e-03	1.97910096e-01	9.25869996e-02	1.05323097e-01
88              	2.93500132e-02	1.73380381e-02	1.20119752e-02	5.01279899e-04	2.83062635e-04	2.18217264e-04	3.24226854e-05	2.66303146e-03	-6.37850796e-03	1.97917162e-01	9.25800732e-02	1.05337089e-01
89              	2.93381610e-02	1.73343473e-02	1.20038137e-02	4.94791421e-04	2.80859886e-04	2.13931535e-04	3.34641755e-05	2.66526680e-03	-6.38857742e-03	1.97923518e-01	9.25731814e-02	1.05350336e-01
90              	2.93278519e-02	1.73305936e-02	1.19972583e-02	4.90837973e-04	2.78972990e-04	2.11864983e-04	3.35540033e-05	2.66666767e-03	-6.39834533e-03	1.97928993e-01	9.25661511e-02	1.05362842e-01
91              	2.93181861e-02	1.73265879e-02	1.19915982e-02	4.88838044e-04	2.77486765e-04	2.11351279e-04	3.30677429e-05	2.66749486e-03	-6.40799930e-03	1.97933741e-01	9.25588710e-02	1.05374870e-01
92              	2.93084689e-02	1.73222659e-02	1.19862029e-02	4.88111143e-04	2.76420062e-04	2.11691081e-04	3.23644902e-05	2.66803150e-03	-6.41768035e-03	1.97938061e-01	9.25513500e-02	1.05386711e-01
93              	2.92982313e-02	1.73176133e-02	1.19806180e-02	4.88060417e-04	2.75718561e-04	2.12341856e-04	3.16883526e-05	2.66849764e-03	-6.42749825e-03	1.97942321e-01	9.25436624e-02	1.05398659e-01
94              	2.92874781e-02	1.73127145e-02	1.19747635e-02	4.88351620e-04	2.75295251e-04	2.13056368e-04	3.11194416e-05	2.66897551e-03	-6.43745205e-03	1.97946809e-01	9.25359524e-02	1.05410857e-01
95              	2.92763956e-02	1.73076076e-02	1.19687881e-02	4.88985789e-04	2.75080471e-04	2.13905318e-04	3.05875763e-05	2.66940973e-03	-6.44750424e-03	1.97951650e-01	9.25283209e-02	1.05423329e-01
96              	2.92654211e-02	1.73023999e-02	1.19630212e-02	4.90064899e-04	2.74964923e-04	2.15099975e-04	2.99324740e-05	2.66968938e-03	-6.45757288e-03	1.97956792e-01	9.25208230e-02	1.05435969e-01
97              	2.92548520e-02	1.72970999e-02	1.19577521e-02	4.91851166e-04	2.74936581e-04	2.16914585e-04	2.90109983e-05	2.66967388e-03	-6.46759432e-03	1.97962111e-01	9.25134612e-02	1.05448650e-01
98              	2.92449311e-02	1.72917559e-02	1.19531751e-02	4.94495108e-04	2.74997754e-04	2.19497354e-04	2.77501998e-05	2.66929041e-03	-6.47751095e-03	1.97967436e-01	9.25062069e-02	1.05461229e-01
99              	2.92356225e-02	1.72863188e-02	1.19493037e-02	4.98100353e-04	2.75264112e-04	2.22836241e-04	2.62139353e-05	2.66850758e-03	-6.48728781e-03	1.97972564e-01	9.24989940e-02	1.05473570e-01
100             	2.92269237e-02	1.72809190e-02	1.19460047e-02	5.02343096e-04	2.75711741e-04	2.26631356e-04	2.45401925e-05	2.66745717e-03	-6.49693154e-03	1.97977453e-01	9.24917952e-02	1.05485658e-01
101             	2.92186408e-02	1.72756095e-02	1.19430313e-02	5.06880110e-04	2.76385421e-04	2.30494690e-04	2.29453654e-05	2.66628912e-03	-6.50644723e-03	1.97982068e-01	9.24845866e-02	1.05497481e-01
102             	2.92107096e-02	1.72705362e-02	1.19401735e-02	5.11229855e-04	2.77216176e-04	2.34013679e-04	2.16012487e-05	2.66518135e-03	-6.51586719e-03	1.97986485e-01	9.24773754e-02	1.05509110e-01
103             	2.92030670e-02	1.72658183e-02	1.19372487e-02	5.14959762e-04	2.78111958e-04	2.36847804e-04	2.06320772e-05	2.66428480e-03	-6.52518827e-03	1.97990750e-01	9.24701867e-02	1.05520563e-01
104             	2.91956772e-02	1.72615138e-02	1.19341634e-02	5.17806996e-04	2.78969428e-04	2.38837568e-04	2.00659300e-05	2.66367520e-03	-6.53443353e-03	1.97994949e-01	9.24630408e-02	1.05531908e-01
105             	2.91886024e-02	1.72576638e-02	1.19309387e-02	5.19678352e-04	2.79688307e-04	2.39990045e-04	1.98491311e-05	2.66336253e-03	-6.54357535e-03	1.97999112e-01	9.24559808e-02	1.05543132e-01
106             	2.91818017e-02	1.72541614e-02	1.19276403e-02	5.20761793e-04	2.80294500e-04	2.40467293e-04	1.99136033e-05	2.66326058e-03	-6.55262557e-03	1.98003220e-01	9.24489844e-02	1.05554236e-01
107             	2.91753734e-02	1.72510138e-02	1.19243596e-02	5.21156042e-04	2.80731088e-04	2.40424953e-04	2.01530674e-05	2.66332714e-03	-6.56154900e-03	1.98007259e-01	9.24420805e-02	1.05565178e-01
108             	2.91693079e-02	1.72481655e-02	1.19211424e-02	5.21006637e-04	2.80998693e-04	2.40007945e-04	2.04953741e-05	2.66351158e-03	-6.57037738e-03	1.98011230e-01	9.24352375e-02	1.05575992e-01
109             	2.91636071e-02	1.72455780e-02	1.19180290e-02	5.20451566e-04	2.81147252e-04	2.39304314e-04	2.09214688e-05	2.66377450e-03	-6.57907495e-03	1.98015072e-01	9.24284610e-02	1.05586611e-01
110             	2.91582599e-02	1.72432603e-02	1.19149996e-02	5.19491168e-04	2.81190045e-04	2.38301123e-04	2.14444611e-05	2.66413038e-03	-6.58764984e-03	1.98018783e-01	9.24217417e-02	1.05597041e-01
111             	2.91532655e-02	1.72412392e-02	1.19120263e-02	5.18086862e-04	2.81148686e-04	2.36938175e-04	2.21052554e-05	2.66460645e-03	-6.59607057e-03	1.98022364e-01	9.24151117e-02	1.05607253e-01
112             	2.91486633e-02	1.72395657e-02	1.19090976e-02	5.16173976e-04	2.80999519e-04	2.35174457e-04	2.29125307e-05	2.66523408e-03	-6.60435282e-03	1.98025891e-01	9.24085925e-02	1.05617298e-01
113             	2.91444602e-02	1.72382678e-02	1.19061924e-02	5.13716656e-04	2.80726502e-04	2.32990154e-04	2.38681739e-05	2.66603772e-03	-6.61248764e-03	1.98029385e-01	9.24022048e-02	1.05627180e-01
114             	2.91406558e-02	1.72373369e-02	1.19033189e-02	5.10765958e-04	2.80323824e-04	2.30442135e-04	2.49408446e-05	2.66700899e-03	-6.62049096e-03	1.98032860e-01	9.23959393e-02	1.05636921e-01
115             	2.91372099e-02	1.72367187e-02	1.19004912e-02	5.07432237e-04	2.79791951e-04	2.27640286e-04	2.60758327e-05	2.66811372e-03	-6.62835544e-03	1.98036311e-01	9.23897998e-02	1.05646511e-01
116             	2.91340896e-02	1.72363324e-02	1.18977572e-02	5.03892413e-04	2.79157585e-04	2.24734828e-04	2.72113783e-05	2.66928764e-03	-6.63609532e-03	1.98039735e-01	9.23837721e-02	1.05655963e-01
117             	2.91312487e-02	1.72361188e-02	1.18951299e-02	5.00266194e-04	2.78425612e-04	2.21840583e-04	2.82925145e-05	2.67049442e-03	-6.64370456e-03	1.98043132e-01	9.23778616e-02	1.05665271e-01
118             	2.91286711e-02	1.72360127e-02	1.18926584e-02	4.96735878e-04	2.77628799e-04	2.19107079e-04	2.92608600e-05	2.67167712e-03	-6.65118484e-03	1.98046489e-01	9.23720597e-02	1.05674429e-01
119             	2.91263340e-02	1.72359893e-02	1.18903446e-02	4.93346615e-04	2.76784234e-04	2.16562381e-04	3.01109270e-05	2.67282234e-03	-6.65851617e-03	1.98049818e-01	9.23663928e-02	1.05683425e-01
120             	2.91242668e-02	1.72360514e-02	1.18882155e-02	4.90145545e-04	2.75925248e-04	2.14220297e-04	3.08524750e-05	2.67391793e-03	-6.66569144e-03	1.98053112e-01	9.23608644e-02	1.05692247e-01
121             	2.91224906e-02	1.72362063e-02	1.18862843e-02	4.87140287e-04	2.75072934e-04	2.12067353e-04	3.15027907e-05	2.67496104e-03	-6.67269785e-03	1.98056386e-01	9.23554953e-02	1.05700891e-01
122             	2.91210467e-02	1.72364731e-02	1.18845736e-02	4.84339770e-04	2.74247467e-04	2.10092303e-04	3.20775819e-05	2.67594977e-03	-6.67954305e-03	1.98059643e-01	9.23502784e-02	1.05709365e-01
123             	2.91199020e-02	1.72368383e-02	1.18830638e-02	4.81738062e-04	2.73453420e-04	2.08284643e-04	3.25843885e-05	2.67688725e-03	-6.68622976e-03	1.98062890e-01	9.23452150e-02	1.05717675e-01
124             	2.91190665e-02	1.72373016e-02	1.18817649e-02	4.79343353e-04	2.72693658e-04	2.06649696e-04	3.30219811e-05	2.67776834e-03	-6.69276902e-03	1.98066119e-01	9.23402904e-02	1.05725828e-01
125             	2.91184838e-02	1.72378323e-02	1.18806515e-02	4.77155771e-04	2.71963183e-04	2.05192588e-04	3.33852973e-05	2.67859042e-03	-6.69916298e-03	1.98069324e-01	9.23354988e-02	1.05733825e-01
126             	2.91181889e-02	1.72384334e-02	1.18797556e-02	4.75206366e-04	2.71262220e-04	2.03944146e-04	3.36590374e-05	2.67933890e-03	-6.70541516e-03	1.98072497e-01	9.23308331e-02	1.05741663e-01
127             	2.91181036e-02	1.72390561e-02	1.18790475e-02	4.73521365e-04	2.70608062e-04	2.02913303e-04	3.38473797e-05	2.68000431e-03	-6.71152487e-03	1.98075625e-01	9.23262876e-02	1.05749337e-01
128             	2.91182583e-02	1.72397101e-02	1.18785483e-02	4.72109947e-04	2.70015329e-04	2.02094618e-04	3.39603551e-05	2.68058090e-03	-6.71748610e-03	1.98078693e-01	9.23218602e-02	1.05756832e-01
129             	2.91186100e-02	1.72403995e-02	1.18782105e-02	4.70909576e-04	2.69466695e-04	2.01442881e-04	3.40119068e-05	2.68109449e-03	-6.72330850e-03	1.98081724e-01	9.23175534e-02	1.05764170e-01
130             	2.91192131e-02	1.72411577e-02	1.18780554e-02	4.69893483e-04	2.68963156e-04	2.00930327e-04	3.40164149e-05	2.68155115e-03	-6.72898446e-03	1.98084717e-01	9.23133740e-02	1.05771343e-01
131             	2.91199992e-02	1.72419642e-02	1.18780350e-02	4.69009086e-04	2.68500022e-04	2.00509064e-04	3.39954788e-05	2.68196461e-03	-6.73452359e-03	1.98087692e-01	9.23093223e-02	1.05778370e-01
132             	2.91210293e-02	1.72428604e-02	1.18781689e-02	4.68212963e-04	2.68072058e-04	2.00140905e-04	3.39655768e-05	2.68234574e-03	-6.73991794e-03	1.98090645e-01	9.23054045e-02	1.05785240e-01
133             	2.91222115e-02	1.72438059e-02	1.18784056e-02	4.67477471e-04	2.67683639e-04	1.99793833e-04	3.39449031e-05	2.68270017e-03	-6.74517841e-03	1.98093579e-01	9.23016110e-02	1.05791968e-01
134             	2.91235997e-02	1.72448354e-02	1.18787642e-02	4.66770696e-04	2.67326852e-04	1.99443844e-04	3.39415037e-05	2.68303561e-03	-6.75029653e-03	1.98096469e-01	9.22979380e-02	1.05798531e-01
135             	2.91251229e-02	1.72459266e-02	1.18791963e-02	4.66048019e-04	2.66989784e-04	1.99058235e-04	3.39657747e-05	2.68336515e-03	-6.75528512e-03	1.98099327e-01	9.22943784e-02	1.05804949e-01
136             	2.91268409e-02	1.72471137e-02	1.18797273e-02	4.65292644e-04	2.66664135e-04	1.98628508e-04	3.40178134e-05	2.68369321e-03	-6.76013532e-03	1.98102123e-01	9.22909264e-02	1.05811197e-01
137             	2.91286657e-02	1.72483594e-02	1.18803063e-02	4.64485648e-04	2.66345085e-04	1.98140562e-04	3.41022614e-05	2.68402658e-03	-6.76487187e-03	1.98104839e-01	9.22875476e-02	1.05817291e-01
138             	2.91306727e-02	1.72497109e-02	1.18809618e-02	4.63599975e-04	2.66015545e-04	1.97584429e-04	3.42155580e-05	2.68437457e-03	-6.76949530e-03	1.98107458e-01	9.22842337e-02	1.05823224e-01
139             	2.91327714e-02	1.72511232e-02	1.18816482e-02	4.62629783e-04	2.65678535e-04	1.96951249e-04	3.43636428e-05	2.68473749e-03	-6.77402513e-03	1.98109988e-01	9.22809691e-02	1.05829019e-01
140             	2.91350148e-02	1.72526231e-02	1.18823917e-02	4.61578079e-04	2.65337419e-04	1.96240660e-04	3.45483799e-05	2.68511570e-03	-6.77844371e-03	1.98112415e-01	9.22777637e-02	1.05834651e-01
141             	2.91373296e-02	1.72541833e-02	1.18831463e-02	4.60417955e-04	2.64987086e-04	1.95430869e-04	3.47781085e-05	2.68551847e-03	-6.78276684e-03	1.98114754e-01	9.22746102e-02	1.05840144e-01
142             	2.91397940e-02	1.72558494e-02	1.18839446e-02	4.59134723e-04	2.64617870e-04	1.94516852e-04	3.50505089e-05	2.68595243e-03	-6.78698239e-03	1.98117006e-01	9.22715205e-02	1.05845485e-01
143             	2.91423309e-02	1.72575848e-02	1.18847461e-02	4.57726017e-04	2.64228747e-04	1.93497270e-04	3.53657387e-05	2.68641931e-03	-6.79110510e-03	1.98119195e-01	9.22684925e-02	1.05850703e-01
144             	2.91450046e-02	1.72594151e-02	1.18855895e-02	4.56223934e-04	2.63825399e-04	1.92398535e-04	3.57134323e-05	2.68691282e-03	-6.79511979e-03	1.98121307e-01	9.22655336e-02	1.05855773e-01
145             	2.91477465e-02	1.72612980e-02	1.18864485e-02	4.54633171e-04	2.63403093e-04	1.91230078e-04	3.60865074e-05	2.68742478e-03	-6.79904545e-03	1.98123363e-01	9.22626362e-02	1.05860727e-01
146             	2.91506076e-02	1.72632543e-02	1.18873533e-02	4.52981513e-04	2.62966752e-04	1.90014762e-04	3.64759949e-05	2.68795050e-03	-6.80286661e-03	1.98125348e-01	9.22598075e-02	1.05865541e-01
147             	2.91535035e-02	1.72652435e-02	1.18882600e-02	4.51275519e-04	2.62512933e-04	1.88762586e-04	3.68751734e-05	2.68849174e-03	-6.80660010e-03	1.98127285e-01	9.22570423e-02	1.05870243e-01
148             	2.91564990e-02	1.72673025e-02	1.18891965e-02	4.49512416e-04	2.62038421e-04	1.87473996e-04	3.72822126e-05	2.68905297e-03	-6.81023319e-03	1.98129157e-01	9.22543451e-02	1.05874812e-01
149             	2.91595195e-02	1.72693880e-02	1.18901315e-02	4.47708728e-04	2.61547917e-04	1.86160811e-04	3.76935533e-05	2.68962827e-03	-6.81378369e-03	1.98130984e-01	9.22517081e-02	1.05879275e-01
150             	2.91626362e-02	1.72715300e-02	1.18911062e-02	4.45881484e-04	2.61044213e-04	1.84837271e-04	3.81034706e-05	2.69021192e-03	-6.81723744e-03	1.98132751e-01	9.22491381e-02	1.05883613e-01
151             	2.91657710e-02	1.72736786e-02	1.18920924e-02	4.44055725e-04	2.60534046e-04	1.83521679e-04	3.85061834e-05	2.69079313e-03	-6.82061683e-03	1.98134484e-01	9.22466250e-02	1.05887859e-01
152             	2.91690203e-02	1.72758708e-02	1.18931495e-02	4.42266634e-04	2.60027586e-04	1.82239048e-04	3.88942691e-05	2.69136063e-03	-6.82389594e-03	1.98136161e-01	9.22441845e-02	1.05891976e-01
153             	2.91722931e-02	1.72780560e-02	1.18942371e-02	4.40529033e-04	2.59526485e-04	1.81002548e-04	3.92619686e-05	2.69190948e-03	-6.82710236e-03	1.98137810e-01	9.22418025e-02	1.05896007e-01
154             	2.91756748e-02	1.72802739e-02	1.18954009e-02	4.38855707e-04	2.59031414e-04	1.79824293e-04	3.96035606e-05	2.69243646e-03	-6.83021232e-03	1.98139408e-01	9.22394917e-02	1.05899916e-01
155             	2.91796871e-02	1.72826973e-02	1.18969898e-02	4.37500888e-04	2.58626034e-04	1.78874855e-04	3.98755894e-05	2.69285373e-03	-6.83305823e-03	1.98140673e-01	9.22372784e-02	1.05903395e-01
156             	2.91841007e-02	1.72852673e-02	1.18988335e-02	4.36307966e-04	2.58255614e-04	1.78052351e-04	4.01016314e-05	2.69321689e-03	-6.83571773e-03	1.98141741e-01	9.22351530e-02	1.05906588e-01
157             	2.91884951e-02	1.72878169e-02	1.19006782e-02	4.35144664e-04	2.57879521e-04	1.77265143e-04	4.03071892e-05	2.69356932e-03	-6.83831749e-03	1.98142809e-01	9.22330872e-02	1.05909722e-01
158             	2.91926708e-02	1.72902723e-02	1.19023985e-02	4.33937851e-04	2.57478831e-04	1.76459020e-04	4.05099053e-05	2.69393691e-03	-6.84092147e-03	1.98143996e-01	9.22310764e-02	1.05912919e-01
159             	2.91964443e-02	1.72925428e-02	1.19039015e-02	4.32686762e-04	2.57056764e-04	1.75629998e-04	4.07133831e-05	2.69432066e-03	-6.84357883e-03	1.98145373e-01	9.22291076e-02	1.05916265e-01
160             	2.91999331e-02	1.72946700e-02	1.19052631e-02	4.31448140e-04	2.56636213e-04	1.74811927e-04	4.09121431e-05	2.69470343e-03	-6.84625524e-03	1.98146886e-01	9.22271876e-02	1.05919698e-01
161             	2.92032192e-02	1.72966717e-02	1.19065475e-02	4.30285186e-04	2.56237091e-04	1.74048094e-04	4.10944985e-05	2.69506211e-03	-6.84892250e-03	1.98148464e-01	9.22253094e-02	1.05923154e-01
162             	2.92065606e-02	1.72986593e-02	1.19079013e-02	4.29244892e-04	2.55868932e-04	1.73375960e-04	4.12464863e-05	2.69537903e-03	-6.85151438e-03	1.98149998e-01	9.22234846e-02	1.05926513e-01
163             	2.92100238e-02	1.73006545e-02	1.19093693e-02	4.28354836e-04	2.55533885e-04	1.72820951e-04	4.13564666e-05	2.69564257e-03	-6.85401471e-03	1.98151446e-01	9.22217081e-02	1.05929738e-01
164             	2.92137164e-02	1.73027141e-02	1.19110023e-02	4.27607044e-04	2.55233927e-04	1.72373117e-04	4.14304050e-05	2.69585592e-03	-6.85638837e-03	1.98152759e-01	9.22199912e-02	1.05932768e-01
165             	2.92175413e-02	1.73047986e-02	1.19127427e-02	4.26973741e-04	2.54965219e-04	1.72008522e-04	4.14783481e-05	2.69602796e-03	-6.85866041e-03	1.98153980e-01	9.22183295e-02	1.05935650e-01
166             	2.92214984e-02	1.73069210e-02	1.19145774e-02	4.26428603e-04	2.54721861e-04	1.71706742e-04	4.15075595e-05	2.69617179e-03	-6.86083123e-03	1.98155137e-01	9.22167375e-02	1.05938400e-01
167             	2.92254309e-02	1.73090115e-02	1.19164194e-02	4.25941077e-04	2.54498490e-04	1.71442588e-04	4.15279510e-05	2.69629603e-03	-6.86294515e-03	1.98156303e-01	9.22152064e-02	1.05941097e-01
168             	2.92292622e-02	1.73110866e-02	1.19181756e-02	4.25333198e-04	2.54246102e-04	1.71087096e-04	4.15795028e-05	2.69645550e-03	-6.86498078e-03	1.98157519e-01	9.22137790e-02	1.05943741e-01
169             	2.92329394e-02	1.73130923e-02	1.19198471e-02	4.24696057e-04	2.53995442e-04	1.70700615e-04	4.16474134e-05	2.69662259e-03	-6.86697951e-03	1.98158810e-01	9.22124255e-02	1.05946385e-01
170             	2.92365882e-02	1.73150675e-02	1.19215207e-02	4.24116207e-04	2.53768418e-04	1.70347789e-04	4.17103142e-05	2.69677335e-03	-6.86893833e-03	1.98160132e-01	9.22111275e-02	1.05949004e-01
171             	2.92401917e-02	1.73169887e-02	1.19232031e-02	4.23634010e-04	2.53570306e-04	1.70063703e-04	4.17533015e-05	2.69689280e-03	-6.87088121e-03	1.98161470e-01	9.22098540e-02	1.05951616e-01
172             	2.92438707e-02	1.73189184e-02	1.19249523e-02	4.23243365e-04	2.53394830e-04	1.69848534e-04	4.17731482e-05	2.69698306e-03	-6.87278449e-03	1.98162773e-01	9.22086019e-02	1.05954171e-01
173             	2.92475695e-02	1.73208311e-02	1.19267385e-02	4.22921661e-04	2.53237037e-04	1.69684624e-04	4.17762065e-05	2.69704631e-03	-6.87465639e-03	1.98164040e-01	9.22073634e-02	1.05956676e-01
174             	2.92513544e-02	1.73227712e-02	1.19285832e-02	4.22632788e-04	2.53092695e-04	1.69540093e-04	4.17763013e-05	2.69709401e-03	-6.87646605e-03	1.98165250e-01	9.22061588e-02	1.05959091e-01
175             	2.92551190e-02	1.73246942e-02	1.19304248e-02	4.22347872e-04	2.52959962e-04	1.69387911e-04	4.17860254e-05	2.69713470e-03	-6.87822611e-03	1.98166440e-01	9.22049939e-02	1.05961446e-01
176             	2.92589055e-02	1.73266382e-02	1.19322673e-02	4.22024764e-04	2.52828169e-04	1.69196595e-04	4.18157867e-05	2.69718543e-03	-6.87991551e-03	1.98167615e-01	9.22038922e-02	1.05963723e-01
177             	2.92626118e-02	1.73285507e-02	1.19340611e-02	4.21669055e-04	2.52698968e-04	1.68970087e-04	4.18644409e-05	2.69724479e-03	-6.88155712e-03	1.98168815e-01	9.22028505e-02	1.05965965e-01
178             	2.92662996e-02	1.73304632e-02	1.19358364e-02	4.21290713e-04	2.52570311e-04	1.68720403e-04	4.19249540e-05	2.69731337e-03	-6.88314036e-03	1.98170032e-01	9.22018756e-02	1.05968156e-01
179             	2.92698949e-02	1.73323349e-02	1.19375601e-02	4.20902104e-04	2.52441145e-04	1.68460959e-04	4.19900927e-05	2.69738739e-03	-6.88468957e-03	1.98171282e-01	9.22009514e-02	1.05970331e-01
180             	2.92734826e-02	1.73342028e-02	1.19392798e-02	4.20520083e-04	2.52311034e-04	1.68209048e-04	4.20509928e-05	2.69746152e-03	-6.88619329e-03	1.98172536e-01	9.22000747e-02	1.05972461e-01
181             	2.92770023e-02	1.73360322e-02	1.19409701e-02	4.20150439e-04	2.52180496e-04	1.67969943e-04	4.21052766e-05	2.69753105e-03	-6.88767261e-03	1.98173796e-01	9.21992256e-02	1.05974571e-01
182             	2.92805443e-02	1.73378677e-02	1.19426766e-02	4.19795873e-04	2.52050142e-04	1.67745731e-04	4.21522055e-05	2.69759555e-03	-6.88910903e-03	1.98175034e-01	9.21984078e-02	1.05976626e-01
183             	2.92840362e-02	1.73396700e-02	1.19443662e-02	4.19458539e-04	2.51923632e-04	1.67534907e-04	4.21943626e-05	2.69765192e-03	-6.89051911e-03	1.98176262e-01	9.21976121e-02	1.05978650e-01
184             	2.92875566e-02	1.73414836e-02	1.19460730e-02	4.19125651e-04	2.51798780e-04	1.67326870e-04	4.22359552e-05	2.69770531e-03	-6.89188249e-03	1.98177467e-01	9.21968511e-02	1.05980616e-01
185             	2.92910203e-02	1.73432662e-02	1.19477541e-02	4.18797695e-04	2.51676680e-04	1.67121015e-04	4.22778327e-05	2.69775602e-03	-6.89321697e-03	1.98178677e-01	9.21961216e-02	1.05982556e-01
186             	2.92944976e-02	1.73450548e-02	1.19494428e-02	4.18476197e-04	2.51556823e-04	1.66919374e-04	4.23187245e-05	2.69780603e-03	-6.89450520e-03	1.98179884e-01	9.21954369e-02	1.05984447e-01
187             	2.92979028e-02	1.73468054e-02	1.19510973e-02	4.18165181e-04	2.51440263e-04	1.66724918e-04	4.23576726e-05	2.69785405e-03	-6.89576575e-03	1.98181114e-01	9.21947910e-02	1.05986323e-01
188             	2.93013165e-02	1.73485601e-02	1.19527563e-02	4.17864591e-04	2.51324483e-04	1.66540108e-04	4.23921871e-05	2.69790191e-03	-6.89697996e-03	1.98182346e-01	9.21941930e-02	1.05988153e-01
189             	2.93047369e-02	1.73502829e-02	1.19544540e-02	4.17696711e-04	2.51243271e-04	1.66453440e-04	4.23949151e-05	2.69791442e-03	-6.89817878e-03	1.98183608e-01	9.21936251e-02	1.05989983e-01
190             	2.93081957e-02	1.73520063e-02	1.19561894e-02	4.17599648e-04	2.51179402e-04	1.66420245e-04	4.23795787e-05	2.69790843e-03	-6.89934019e-03	1.98184862e-01	9.21930908e-02	1.05991771e-01
191             	2.93115686e-02	1.73536887e-02	1.19578800e-02	4.17493345e-04	2.51112800e-04	1.66380545e-04	4.23661276e-05	2.69790434e-03	-6.90047770e-03	1.98186108e-01	9.21925764e-02	1.05993532e-01
192             	2.93149024e-02	1.73553638e-02	1.19595386e-02	4.17336122e-04	2.51033424e-04	1.66302698e-04	4.23653631e-05	2.69791261e-03	-6.90157279e-03	1.98187323e-01	9.21920886e-02	1.05995234e-01
193             	2.93181086e-02	1.73569890e-02	1.19611197e-02	4.17122397e-04	2.50940604e-04	1.66181793e-04	4.23794054e-05	2.69793465e-03	-6.90264571e-03	1.98188528e-01	9.21916182e-02	1.05996910e-01
194             	2.93212880e-02	1.73586119e-02	1.19626761e-02	4.16876723e-04	2.50838921e-04	1.66037802e-04	4.24005594e-05	2.69796791e-03	-6.90367605e-03	1.98189712e-01	9.21911801e-02	1.05998532e-01
195             	2.93243738e-02	1.73601928e-02	1.19641810e-02	4.16628886e-04	2.50734748e-04	1.65894138e-04	4.24203052e-05	2.69800591e-03	-6.90469069e-03	1.98190913e-01	9.21907656e-02	1.06000147e-01
196             	2.93274865e-02	1.73617856e-02	1.19657008e-02	4.16411436e-04	2.50634211e-04	1.65777225e-04	4.24284928e-05	2.69804239e-03	-6.90566507e-03	1.98192112e-01	9.21903910e-02	1.06001721e-01
197             	2.93305521e-02	1.73633482e-02	1.19672039e-02	4.16235487e-04	2.50541411e-04	1.65694076e-04	4.24236674e-05	2.69807214e-03	-6.90662503e-03	1.98193336e-01	9.21900431e-02	1.06003293e-01
198             	2.93336806e-02	1.73649395e-02	1.19687411e-02	4.16089496e-04	2.50451830e-04	1.65637666e-04	4.24070821e-05	2.69809925e-03	-6.90754009e-03	1.98194551e-01	9.21897353e-02	1.06004816e-01
199             	2.93365102e-02	1.73664232e-02	1.19700870e-02	4.15829715e-04	2.50315692e-04	1.65514023e-04	4.24008346e-05	2.69816808e-03	-6.90850868e-03	1.98195900e-01	9.21894412e-02	1.06006459e-01
200             	2.93392498e-02	1.73678803e-02	1.19713695e-02	4.15519567e-04	2.50162308e-04	1.65357259e-04	4.24025246e-05	2.69825541e-03	-6.90947059e-03	1.98197289e-01	9.21891740e-02	1.06008115e-01
201             	2.93419010e-02	1.73692771e-02	1.19726239e-02	4.15243934e-04	2.50024006e-04	1.65219928e-04	4.24020391e-05	2.69832663e-03	-6.91043023e-03	1.98198682e-01	9.21889107e-02	1.06009771e-01
202             	2.93446626e-02	1.73707048e-02	1.19739578e-02	4.15039003e-04	2.49913736e-04	1.65125267e-04	4.23942347e-05	2.69837348e-03	-6.91133066e-03	1.98199995e-01	9.21886667e-02	1.06011328e-01
203             	2.93474692e-02	1.73721267e-02	1.19753425e-02	4.14911685e-04	2.49830810e-04	1.65080875e-04	4.23749675e-05	2.69839209e-03	-6.91219312e-03	1.98201242e-01	9.21884278e-02	1.06012814e-01
204             	2.93504163e-02	1.73736075e-02	1.19768088e-02	4.14827266e-04	2.49761172e-04	1.65066094e-04	4.23475388e-05	2.69839931e-03	-6.91298738e-03	1.98202408e-01	9.21882164e-02	1.06014191e-01
205             	2.93533440e-02	1.73750793e-02	1.19782647e-02	4.14747438e-04	2.49692242e-04	1.65055196e-04	4.23185229e-05	2.69840727e-03	-6.91376031e-03	1.98203563e-01	9.21880210e-02	1.06015542e-01
206             	2.93563007e-02	1.73765781e-02	1.19797226e-02	4.14643045e-04	2.49614098e-04	1.65028947e-04	4.22925755e-05	2.69842775e-03	-6.91449446e-03	1.98204713e-01	9.21878619e-02	1.06016851e-01
207             	2.93591335e-02	1.73780319e-02	1.19811016e-02	4.14499337e-04	2.49525055e-04	1.64974281e-04	4.22753871e-05	2.69846513e-03	-6.91523527e-03	1.98205913e-01	9.21877212e-02	1.06018192e-01
208             	2.93619211e-02	1.73794785e-02	1.19824426e-02	4.14320638e-04	2.49426993e-04	1.64893645e-04	4.22666738e-05	2.69851792e-03	-6.91596052e-03	1.98207138e-01	9.21876083e-02	1.06019529e-01
209             	2.93645702e-02	1.73808683e-02	1.19837019e-02	4.14110733e-04	2.49322597e-04	1.64788135e-04	4.22672311e-05	2.69858318e-03	-6.91669932e-03	1.98208402e-01	9.21875017e-02	1.06020900e-01
210             	2.93671948e-02	1.73822507e-02	1.19849441e-02	4.13888002e-04	2.49215735e-04	1.64672267e-04	4.22717338e-05	2.69865331e-03	-6.91742156e-03	1.98209662e-01	9.21874093e-02	1.06022252e-01
211             	2.93697335e-02	1.73835915e-02	1.19861420e-02	4.13659830e-04	2.49108667e-04	1.64551163e-04	4.22787523e-05	2.69872476e-03	-6.91814471e-03	1.98210920e-01	9.21873152e-02	1.06023605e-01
212             	2.93722888e-02	1.73849410e-02	1.19873477e-02	4.13429765e-04	2.49000591e-04	1.64429174e-04	4.22857088e-05	2.69879664e-03	-6.91884249e-03	1.98212147e-01	9.21872309e-02	1.06024916e-01
213             	2.93747945e-02	1.73862666e-02	1.19885279e-02	4.13196832e-04	2.48891431e-04	1.64305402e-04	4.22930145e-05	2.69886933e-03	-6.91953073e-03	1.98213359e-01	9.21871489e-02	1.06026210e-01
214             	2.93773172e-02	1.73876038e-02	1.19897133e-02	4.12959359e-04	2.48780854e-04	1.64178506e-04	4.23011740e-05	2.69894524e-03	-6.92018737e-03	1.98214540e-01	9.21870827e-02	1.06027457e-01
215             	2.93797861e-02	1.73889181e-02	1.19908680e-02	4.12712618e-04	2.48666932e-04	1.64045686e-04	4.23106233e-05	2.69902506e-03	-6.92083741e-03	1.98215731e-01	9.21870281e-02	1.06028703e-01
216             	2.93822779e-02	1.73902494e-02	1.19920285e-02	4.12454526e-04	2.48548131e-04	1.63906395e-04	4.23208683e-05	2.69911045e-03	-6.92146124e-03	1.98216919e-01	9.21869985e-02	1.06029921e-01
217             	2.93847088e-02	1.73915557e-02	1.19931531e-02	4.12183165e-04	2.48423398e-04	1.63759767e-04	4.23318159e-05	2.69920132e-03	-6.92208588e-03	1.98218133e-01	9.21869808e-02	1.06031153e-01
218             	2.93871321e-02	1.73928652e-02	1.19942669e-02	4.11897965e-04	2.48293935e-04	1.63604030e-04	4.23449523e-05	2.69929916e-03	-6.92269085e-03	1.98219340e-01	9.21869792e-02	1.06032361e-01
219             	2.93894572e-02	1.73941318e-02	1.19953254e-02	4.11598449e-04	2.48160028e-04	1.63438421e-04	4.23608033e-05	2.69940319e-03	-6.92330023e-03	1.98220554e-01	9.21869766e-02	1.06033577e-01
220             	2.93917741e-02	1.73954011e-02	1.19963730e-02	4.11285736e-04	2.48021126e-04	1.63264610e-04	4.23782581e-05	2.69951404e-03	-6.92389107e-03	1.98221748e-01	9.21869828e-02	1.06034765e-01
221             	2.93940050e-02	1.73966336e-02	1.19973714e-02	4.10960063e-04	2.47878051e-04	1.63082011e-04	4.23980199e-05	2.69963107e-03	-6.92448547e-03	1.98222941e-01	9.21869849e-02	1.06035956e-01
222             	2.93962458e-02	1.73978777e-02	1.19983682e-02	4.10623116e-04	2.47730690e-04	1.62892426e-04	4.24191324e-05	2.69975475e-03	-6.92505858e-03	1.98224112e-01	9.21869976e-02	1.06037115e-01
223             	2.93984189e-02	1.73990938e-02	1.19993251e-02	4.10274182e-04	2.47579496e-04	1.62694686e-04	4.24424054e-05	2.69988437e-03	-6.92563151e-03	1.98225286e-01	9.21870112e-02	1.06038274e-01
224             	2.94006127e-02	1.74003270e-02	1.20002857e-02	4.09912987e-04	2.47423264e-04	1.62489723e-04	4.24667704e-05	2.70002062e-03	-6.92618063e-03	1.98226443e-01	9.21870411e-02	1.06039402e-01
225             	2.94027420e-02	1.74015314e-02	1.20012107e-02	4.09544914e-04	2.47264982e-04	1.62279933e-04	4.24925244e-05	2.70016034e-03	-6.92672891e-03	1.98227609e-01	9.21870757e-02	1.06040534e-01
226             	2.94048881e-02	1.74027475e-02	1.20021406e-02	4.09170472e-04	2.47104481e-04	1.62065991e-04	4.25192447e-05	2.70030346e-03	-6.92725516e-03	1.98228765e-01	9.21871271e-02	1.06041637e-01
227             	2.94069608e-02	1.74039287e-02	1.20030321e-02	4.08791179e-04	2.46942536e-04	1.61848643e-04	4.25469467e-05	2.70044829e-03	-6.92778369e-03	1.98229930e-01	9.21871812e-02	1.06042749e-01
228             	2.94090401e-02	1.74051164e-02	1.20039237e-02	4.08404566e-04	2.46776808e-04	1.61627758e-04	4.25745251e-05	2.70059635e-03	-6.92829402e-03	1.98231082e-01	9.21872471e-02	1.06043835e-01
229             	2.94110386e-02	1.74062681e-02	1.20047705e-02	4.08007136e-04	2.46607622e-04	1.61399514e-04	4.26040539e-05	2.70074878e-03	-6.92881070e-03	1.98232240e-01	9.21873095e-02	1.06044931e-01
230             	2.94130403e-02	1.74074230e-02	1.20056173e-02	4.07611419e-04	2.46438319e-04	1.61173100e-04	4.26326094e-05	2.70090283e-03	-6.92931214e-03	1.98233381e-01	9.21873785e-02	1.06046003e-01
231             	2.94149146e-02	1.74085129e-02	1.20064017e-02	4.07210063e-04	2.46268774e-04	1.60941289e-04	4.26637427e-05	2.70105559e-03	-6.92982595e-03	1.98234576e-01	9.21874621e-02	1.06047114e-01
232             	2.94167160e-02	1.74095923e-02	1.20071237e-02	4.06719092e-04	2.46074054e-04	1.60645039e-04	4.27145077e-05	2.70123428e-03	-6.93032193e-03	1.98235770e-01	9.21875631e-02	1.06048207e-01
233             	2.94184295e-02	1.74106384e-02	1.20077911e-02	4.06196162e-04	2.45871378e-04	1.60324784e-04	4.27732972e-05	2.70142362e-03	-6.93082014e-03	1.98236960e-01	9.21876598e-02	1.06049300e-01
234             	2.94201991e-02	1.74117103e-02	1.20084888e-02	4.05693824e-04	2.45670533e-04	1.60023291e-04	4.28236210e-05	2.70161075e-03	-6.93129686e-03	1.98238109e-01	9.21877579e-02	1.06050352e-01
235             	2.94219705e-02	1.74127717e-02	1.20091988e-02	4.05243944e-04	2.45478419e-04	1.59765525e-04	4.28564468e-05	2.70178645e-03	-6.93177497e-03	1.98239236e-01	9.21878429e-02	1.06051393e-01
236             	2.94238246e-02	1.74138630e-02	1.20099617e-02	4.04845875e-04	2.45295189e-04	1.59550686e-04	4.28722517e-05	2.70195066e-03	-6.93223369e-03	1.98240325e-01	9.21879287e-02	1.06052396e-01
237             	2.94256511e-02	1.74149311e-02	1.20107199e-02	4.04481848e-04	2.45120444e-04	1.59361403e-04	4.28795203e-05	2.70210561e-03	-6.93269797e-03	1.98241409e-01	9.21880064e-02	1.06053402e-01
238             	2.94274953e-02	1.74160048e-02	1.20114905e-02	4.04128034e-04	2.44950795e-04	1.59177239e-04	4.28867777e-05	2.70225716e-03	-6.93314800e-03	1.98242479e-01	9.21880917e-02	1.06054388e-01
239             	2.94292483e-02	1.74170331e-02	1.20122152e-02	4.03764605e-04	2.44783303e-04	1.58981302e-04	4.29010005e-05	2.70240894e-03	-6.93360582e-03	1.98243562e-01	9.21881752e-02	1.06055387e-01
240             	2.94309753e-02	1.74180513e-02	1.20129240e-02	4.03383935e-04	2.44615993e-04	1.58767942e-04	4.29240258e-05	2.70256361e-03	-6.93405032e-03	1.98244638e-01	9.21882686e-02	1.06056369e-01
241             	2.94326019e-02	1.74190213e-02	1.20135805e-02	4.02987067e-04	2.44448245e-04	1.58538822e-04	4.29547118e-05	2.70272039e-03	-6.93450131e-03	1.98245721e-01	9.21883594e-02	1.06057362e-01
242             	2.94342209e-02	1.74199888e-02	1.20142321e-02	4.02582211e-04	2.44279676e-04	1.58302535e-04	4.29885703e-05	2.70287835e-03	-6.93493703e-03	1.98246788e-01	9.21884569e-02	1.06058331e-01
243             	2.94357715e-02	1.74209205e-02	1.20148509e-02	4.02178016e-04	2.44110213e-04	1.58067803e-04	4.30212050e-05	2.70303482e-03	-6.93537784e-03	1.98247850e-01	9.21885474e-02	1.06059303e-01
244             	2.94373373e-02	1.74218577e-02	1.20154796e-02	4.01782722e-04	2.43939908e-04	1.57842814e-04	4.30485472e-05	2.70318903e-03	-6.93580408e-03	1.98248891e-01	9.21886416e-02	1.06060250e-01
245             	2.94389439e-02	1.74227764e-02	1.20161675e-02	4.01505569e-04	2.43812200e-04	1.57693369e-04	4.30594152e-05	2.70330441e-03	-6.93621472e-03	1.98249914e-01	9.21887423e-02	1.06061172e-01
246             	2.94406253e-02	1.74237160e-02	1.20169093e-02	4.01282920e-04	2.43700870e-04	1.57582049e-04	4.30594106e-05	2.70340331e-03	-6.93660050e-03	1.98250909e-01	9.21888538e-02	1.06062055e-01
247             	2.94422636e-02	1.74246376e-02	1.20176260e-02	4.01049416e-04	2.43583614e-04	1.57465802e-04	4.30589063e-05	2.70350577e-03	-6.93699273e-03	1.98251903e-01	9.21889588e-02	1.06062944e-01
248             	2.94438850e-02	1.74255674e-02	1.20183176e-02	4.00765189e-04	2.43449001e-04	1.57316188e-04	4.30664063e-05	2.70362487e-03	-6.93738013e-03	1.98252891e-01	9.21890653e-02	1.06063826e-01
249             	2.94453891e-02	1.74264548e-02	1.20189343e-02	4.00425374e-04	2.43297883e-04	1.57127492e-04	4.30851955e-05	2.70376028e-03	-6.93778750e-03	1.98253896e-01	9.21891607e-02	1.06064736e-01
250             	2.94468582e-02	1.74273361e-02	1.20195221e-02	4.00045992e-04	2.43135956e-04	1.56910036e-04	4.31129602e-05	2.70390702e-03	-6.93819045e-03	1.98254897e-01	9.21892580e-02	1.06065639e-01
251             	2.94482195e-02	1.74281648e-02	1.20200548e-02	3.99654041e-04	2.42971922e-04	1.56682118e-04	4.31449018e-05	2.70405500e-03	-6.93860818e-03	1.98255908e-01	9.21893456e-02	1.06066562e-01
252             	2.94495899e-02	1.74289921e-02	1.20205978e-02	3.99276173e-04	2.42812210e-04	1.56463963e-04	4.31741233e-05	2.70419715e-03	-6.93901094e-03	1.98256897e-01	9.21894378e-02	1.06067460e-01
253             	2.94509114e-02	1.74297842e-02	1.20211272e-02	3.98925607e-04	2.42659657e-04	1.56265950e-04	4.31968532e-05	2.70432847e-03	-6.93941623e-03	1.98257879e-01	9.21895233e-02	1.06068356e-01
254             	2.94522811e-02	1.74305916e-02	1.20216896e-02	3.98600934e-04	2.42512234e-04	1.56088700e-04	4.32117672e-05	2.70445102e-03	-6.93979918e-03	1.98258829e-01	9.21896154e-02	1.06069214e-01
255             	2.94536088e-02	1.74313718e-02	1.20222369e-02	3.98292897e-04	2.42368441e-04	1.55924457e-04	4.32219920e-05	2.70456745e-03	-6.94018450e-03	1.98259771e-01	9.21897012e-02	1.06070070e-01
256             	2.94549721e-02	1.74321680e-02	1.20228041e-02	3.97994345e-04	2.42226902e-04	1.55767443e-04	4.32297298e-05	2.70468194e-03	-6.94055192e-03	1.98260690e-01	9.21897932e-02	1.06070897e-01
257             	2.94562778e-02	1.74329352e-02	1.20233426e-02	3.97697383e-04	2.42087047e-04	1.55610336e-04	4.32383555e-05	2.70479628e-03	-6.94092690e-03	1.98261612e-01	9.21898789e-02	1.06071733e-01
258             	2.94575977e-02	1.74337114e-02	1.20238864e-02	3.97398142e-04	2.41948341e-04	1.55449800e-04	4.32492705e-05	2.70491251e-03	-6.94128949e-03	1.98262519e-01	9.21899702e-02	1.06072549e-01
259             	2.94588394e-02	1.74344492e-02	1.20243902e-02	3.97095519e-04	2.41810898e-04	1.55284621e-04	4.32631383e-05	2.70502950e-03	-6.94166371e-03	1.98263437e-01	9.21900546e-02	1.06073382e-01
260             	2.94600901e-02	1.74351927e-02	1.20248974e-02	3.96791109e-04	2.41674834e-04	1.55116275e-04	4.32792798e-05	2.70514766e-03	-6.94202656e-03	1.98264342e-01	9.21901443e-02	1.06074197e-01
261             	2.94612749e-02	1.74359026e-02	1.20253722e-02	3.96486172e-04	2.41539734e-04	1.54946438e-04	4.32966481e-05	2.70526520e-03	-6.94239876e-03	1.98265252e-01	9.21902274e-02	1.06075025e-01
262             	2.94624828e-02	1.74366234e-02	1.20258594e-02	3.96183884e-04	2.41405844e-04	1.54778040e-04	4.33139017e-05	2.70538196e-03	-6.94275645e-03	1.98266145e-01	9.21903162e-02	1.06075829e-01
263             	2.94636323e-02	1.74373125e-02	1.20263198e-02	3.95885793e-04	2.41273403e-04	1.54612390e-04	4.33305069e-05	2.70549632e-03	-6.94312092e-03	1.98267038e-01	9.21903982e-02	1.06076640e-01
264             	2.94648105e-02	1.74380140e-02	1.20267964e-02	3.95593543e-04	2.41142971e-04	1.54450573e-04	4.33461989e-05	2.70560878e-03	-6.94346926e-03	1.98267910e-01	9.21904857e-02	1.06077424e-01
265             	2.94659387e-02	1.74386880e-02	1.20272507e-02	3.95306568e-04	2.41014332e-04	1.54292236e-04	4.33610480e-05	2.70571863e-03	-6.94382338e-03	1.98268780e-01	9.21905666e-02	1.06078213e-01
266             	2.94670951e-02	1.74393744e-02	1.20277206e-02	3.95025025e-04	2.40887476e-04	1.54137549e-04	4.33749637e-05	2.70582691e-03	-6.94416211e-03	1.98269630e-01	9.21906530e-02	1.06078977e-01
267             	2.94681911e-02	1.74400286e-02	1.20281625e-02	3.94747603e-04	2.40762146e-04	1.53985457e-04	4.33883445e-05	2.70593307e-03	-6.94450858e-03	1.98270483e-01	9.21907328e-02	1.06079750e-01
268             	2.94693086e-02	1.74406923e-02	1.20286163e-02	3.94474694e-04	2.40638766e-04	1.53835927e-04	4.34014194e-05	2.70603800e-03	-6.94484155e-03	1.98271319e-01	9.21908179e-02	1.06080501e-01
269             	2.94703681e-02	1.74413247e-02	1.20290434e-02	3.94205573e-04	2.40516579e-04	1.53688994e-04	4.34137923e-05	2.70614065e-03	-6.94518287e-03	1.98272159e-01	9.21908966e-02	1.06081262e-01
270             	2.94714504e-02	1.74419665e-02	1.20294840e-02	3.93943007e-04	2.40396734e-04	1.53546273e-04	4.34252303e-05	2.70624125e-03	-6.94551095e-03	1.98272983e-01	9.21909805e-02	1.06082002e-01
271             	2.94724713e-02	1.74425746e-02	1.20298967e-02	3.93686679e-04	2.40279004e-04	1.53407675e-04	4.34356647e-05	2.70633895e-03	-6.94584795e-03	1.98273810e-01	9.21910573e-02	1.06082753e-01
272             	2.94735160e-02	1.74431933e-02	1.20303228e-02	3.93435537e-04	2.40162959e-04	1.53272578e-04	4.34451906e-05	2.70643526e-03	-6.94617142e-03	1.98274621e-01	9.21911389e-02	1.06083482e-01
273             	2.94745089e-02	1.74437831e-02	1.20307258e-02	3.93191094e-04	2.40049209e-04	1.53141885e-04	4.34536623e-05	2.70652864e-03	-6.94650225e-03	1.98275432e-01	9.21912137e-02	1.06084218e-01
274             	2.94755302e-02	1.74443843e-02	1.20311460e-02	3.92955399e-04	2.39938492e-04	1.53016907e-04	4.34607920e-05	2.70661916e-03	-6.94681872e-03	1.98276225e-01	9.21912938e-02	1.06084931e-01
275             	2.94764952e-02	1.74449533e-02	1.20315419e-02	3.92728199e-04	2.39829891e-04	1.52898308e-04	4.34657918e-05	2.70670567e-03	-6.94714286e-03	1.98277020e-01	9.21913671e-02	1.06085653e-01
276             	2.94774872e-02	1.74455318e-02	1.20319555e-02	3.92512162e-04	2.39724818e-04	1.52787344e-04	4.34687373e-05	2.70678814e-03	-6.94745290e-03	1.98277798e-01	9.21914461e-02	1.06086352e-01
277             	2.94784200e-02	1.74460782e-02	1.20323418e-02	3.92297873e-04	2.39620265e-04	1.52677609e-04	4.34713279e-05	2.70686819e-03	-6.94777025e-03	1.98278578e-01	9.21915187e-02	1.06087059e-01
278             	2.94793832e-02	1.74466365e-02	1.20327467e-02	3.92092606e-04	2.39519245e-04	1.52573361e-04	4.34729420e-05	2.70694487e-03	-6.94807401e-03	1.98279343e-01	9.21915975e-02	1.06087746e-01
279             	2.94802926e-02	1.74471632e-02	1.20331293e-02	3.91897749e-04	2.39422101e-04	1.52475648e-04	4.34732265e-05	2.70701694e-03	-6.94838648e-03	1.98280114e-01	9.21916703e-02	1.06088443e-01
280             	2.94812377e-02	1.74477038e-02	1.20335339e-02	3.91716056e-04	2.39330169e-04	1.52385887e-04	4.34721413e-05	2.70708494e-03	-6.94868610e-03	1.98280870e-01	9.21917487e-02	1.06089121e-01
281             	2.94821283e-02	1.74482150e-02	1.20339133e-02	3.91538608e-04	2.39240150e-04	1.52298458e-04	4.34708462e-05	2.70715087e-03	-6.94899362e-03	1.98281627e-01	9.21918197e-02	1.06089807e-01
282             	2.94830426e-02	1.74487374e-02	1.20343052e-02	3.91364533e-04	2.39151673e-04	1.52212861e-04	4.34694060e-05	2.70721608e-03	-6.94928746e-03	1.98282364e-01	9.21918945e-02	1.06090469e-01
283             	2.94838978e-02	1.74492291e-02	1.20346687e-02	3.91189536e-04	2.39062509e-04	1.52127027e-04	4.34677412e-05	2.70728017e-03	-6.94958946e-03	1.98283102e-01	9.21919617e-02	1.06091141e-01
284             	2.94847794e-02	1.74497334e-02	1.20350460e-02	3.91015170e-04	2.38973461e-04	1.52041709e-04	4.34658760e-05	2.70734373e-03	-6.94987793e-03	1.98283823e-01	9.21920337e-02	1.06091790e-01
285             	2.94856111e-02	1.74502108e-02	1.20354003e-02	3.90844628e-04	2.38885866e-04	1.51958761e-04	4.34635524e-05	2.70740529e-03	-6.95017414e-03	1.98284548e-01	9.21920999e-02	1.06092448e-01
286             	2.94864733e-02	1.74507018e-02	1.20357715e-02	3.90682801e-04	2.38802684e-04	1.51880117e-04	4.34612834e-05	2.70746515e-03	-6.95045661e-03	1.98285258e-01	9.21921725e-02	1.06093086e-01
287             	2.94872832e-02	1.74511636e-02	1.20361196e-02	3.90531096e-04	2.38724585e-04	1.51806511e-04	4.34590368e-05	2.70752203e-03	-6.95074731e-03	1.98285974e-01	9.21922396e-02	1.06093734e-01
288             	2.94881236e-02	1.74516385e-02	1.20364851e-02	3.90388080e-04	2.38650440e-04	1.51737640e-04	4.34564002e-05	2.70757672e-03	-6.95102477e-03	1.98286675e-01	9.21923125e-02	1.06094362e-01
289             	2.94889154e-02	1.74520867e-02	1.20368287e-02	3.90248796e-04	2.38577614e-04	1.51671182e-04	4.34532158e-05	2.70762902e-03	-6.95131032e-03	1.98287379e-01	9.21923791e-02	1.06095000e-01
290             	2.94897368e-02	1.74525492e-02	1.20371876e-02	3.90109318e-04	2.38504577e-04	1.51604741e-04	4.34499182e-05	2.70768083e-03	-6.95158243e-03	1.98288066e-01	9.21924507e-02	1.06095616e-01
291             	2.94905043e-02	1.74529845e-02	1.20375199e-02	3.89966070e-04	2.38430612e-04	1.51535458e-04	4.34475773e-05	2.70773228e-03	-6.95186297e-03	1.98288756e-01	9.21925149e-02	1.06096241e-01
292             	2.94913010e-02	1.74534352e-02	1.20378658e-02	3.89819255e-04	2.38356054e-04	1.51463201e-04	4.34464266e-05	2.70778467e-03	-6.95213036e-03	1.98289428e-01	9.21925836e-02	1.06096844e-01
293             	2.94920483e-02	1.74538596e-02	1.20381888e-02	3.89676602e-04	2.38283320e-04	1.51393282e-04	4.34450187e-05	2.70783542e-03	-6.95240589e-03	1.98290103e-01	9.21926454e-02	1.06097457e-01
294             	2.94928191e-02	1.74542966e-02	1.20385225e-02	3.89533960e-04	2.38211668e-04	1.51322291e-04	4.34446885e-05	2.70788704e-03	-6.95266781e-03	1.98290759e-01	9.21927118e-02	1.06098047e-01
295             	2.94935407e-02	1.74547076e-02	1.20388332e-02	3.89395312e-04	2.38142017e-04	1.51253295e-04	4.34443607e-05	2.70793721e-03	-6.95293827e-03	1.98291422e-01	9.21927727e-02	1.06098649e-01
296             	2.94942964e-02	1.74551353e-02	1.20391611e-02	3.89260245e-04	2.38074283e-04	1.51185963e-04	4.34441600e-05	2.70798712e-03	-6.95319571e-03	1.98292072e-01	9.21928401e-02	1.06099231e-01
297             	2.94950069e-02	1.74555397e-02	1.20394672e-02	3.89126490e-04	2.38007340e-04	1.51119150e-04	4.34440948e-05	2.70803622e-03	-6.95346132e-03	1.98292727e-01	9.21929020e-02	1.06099825e-01
298             	2.94957493e-02	1.74559603e-02	1.20397891e-02	3.88993038e-04	2.37940917e-04	1.51052121e-04	4.34443977e-05	2.70808560e-03	-6.95371367e-03	1.98293367e-01	9.21929697e-02	1.06100397e-01
299             	2.94964397e-02	1.74563544e-02	1.20400853e-02	3.88858492e-04	2.37874497e-04	1.50983995e-04	4.34452513e-05	2.70813452e-03	-6.95397470e-03	1.98294010e-01	9.21930303e-02	1.06100980e-01
300             	2.94971600e-02	1.74567638e-02	1.20403962e-02	3.88723705e-04	2.37808860e-04	1.50914845e-04	4.34470077e-05	2.70818381e-03	-6.95422283e-03	1.98294637e-01	9.21930956e-02	1.06101541e-01
301             	2.94978313e-02	1.74571479e-02	1.20406834e-02	3.88589325e-04	2.37743811e-04	1.50845515e-04	4.34491479e-05	2.70823229e-03	-6.95447927e-03	1.98295266e-01	9.21931537e-02	1.06102112e-01
302             	2.94985325e-02	1.74575468e-02	1.20409857e-02	3.88457027e-04	2.37679767e-04	1.50777260e-04	4.34512534e-05	2.70828054e-03	-6.95472261e-03	1.98295879e-01	9.21932169e-02	1.06102662e-01
303             	2.94991821e-02	1.74579180e-02	1.20412641e-02	3.88328339e-04	2.37617258e-04	1.50711081e-04	4.34530883e-05	2.70832695e-03	-6.95497458e-03	1.98296496e-01	9.21932736e-02	1.06103223e-01
304             	2.94998635e-02	1.74583029e-02	1.20415606e-02	3.88206935e-04	2.37558643e-04	1.50648292e-04	4.34551759e-05	2.70837114e-03	-6.95521373e-03	1.98297099e-01	9.21933358e-02	1.06103763e-01
305             	2.95004983e-02	1.74586629e-02	1.20418355e-02	3.88088516e-04	2.37501579e-04	1.50586937e-04	4.34573208e-05	2.70841370e-03	-6.95546116e-03	1.98297707e-01	9.21933921e-02	1.06104314e-01
306             	2.95011650e-02	1.74590397e-02	1.20421253e-02	3.87969364e-04	2.37444427e-04	1.50524937e-04	4.34597449e-05	2.70845716e-03	-6.95569568e-03	1.98298300e-01	9.21934542e-02	1.06104846e-01
307             	2.95017815e-02	1.74593924e-02	1.20423891e-02	3.87846726e-04	2.37385792e-04	1.50460934e-04	4.34624290e-05	2.70850164e-03	-6.95593893e-03	1.98298898e-01	9.21935101e-02	1.06105388e-01
308             	2.95024304e-02	1.74597630e-02	1.20426674e-02	3.87721558e-04	2.37326278e-04	1.50395279e-04	4.34654995e-05	2.70854780e-03	-6.95616953e-03	1.98299481e-01	9.21935712e-02	1.06105910e-01
309             	2.95030328e-02	1.74601097e-02	1.20429231e-02	3.87596986e-04	2.37266501e-04	1.50330485e-04	4.34680081e-05	2.70859332e-03	-6.95640859e-03	1.98300069e-01	9.21936258e-02	1.06106443e-01
310             	2.95036669e-02	1.74604718e-02	1.20431951e-02	3.87475139e-04	2.37207650e-04	1.50267488e-04	4.34700809e-05	2.70863833e-03	-6.95663485e-03	1.98300641e-01	9.21936856e-02	1.06106955e-01
311             	2.95042509e-02	1.74608065e-02	1.20434444e-02	3.87357535e-04	2.37150018e-04	1.50207517e-04	4.34712506e-05	2.70868106e-03	-6.95686988e-03	1.98301217e-01	9.21937386e-02	1.06107478e-01
312             	2.95048675e-02	1.74611560e-02	1.20437115e-02	3.87244995e-04	2.37094363e-04	1.50150632e-04	4.34718656e-05	2.70872225e-03	-6.95709232e-03	1.98301778e-01	9.21937966e-02	1.06107981e-01
313             	2.95054376e-02	1.74614801e-02	1.20439575e-02	3.87136237e-04	2.37040004e-04	1.50096233e-04	4.34718855e-05	2.70876129e-03	-6.95732330e-03	1.98302343e-01	9.21938483e-02	1.06108495e-01
314             	2.95060404e-02	1.74618198e-02	1.20442206e-02	3.87031000e-04	2.36987228e-04	1.50043772e-04	4.34717276e-05	2.70879956e-03	-6.95754141e-03	1.98302894e-01	9.21939055e-02	1.06108988e-01
315             	2.95065878e-02	1.74621319e-02	1.20444559e-02	3.86922793e-04	2.36932164e-04	1.49990629e-04	4.34707675e-05	2.70883802e-03	-6.95776833e-03	1.98303447e-01	9.21939551e-02	1.06109492e-01
316             	2.95071709e-02	1.74624612e-02	1.20447097e-02	3.86819610e-04	2.36880187e-04	1.49939422e-04	4.34703824e-05	2.70887570e-03	-6.95798279e-03	1.98303988e-01	9.21940110e-02	1.06109977e-01
317             	2.95077106e-02	1.74627674e-02	1.20449432e-02	3.86719986e-04	2.36830258e-04	1.49889728e-04	4.34702654e-05	2.70891210e-03	-6.95820590e-03	1.98304535e-01	9.21940616e-02	1.06110473e-01
318             	2.95082848e-02	1.74630905e-02	1.20451943e-02	3.86624019e-04	2.36782361e-04	1.49841658e-04	4.34703516e-05	2.70894810e-03	-6.95841631e-03	1.98305069e-01	9.21941182e-02	1.06110951e-01
319             	2.95088104e-02	1.74633878e-02	1.20454226e-02	3.86530182e-04	2.36735039e-04	1.49795143e-04	4.34699482e-05	2.70898261e-03	-6.95863573e-03	1.98305608e-01	9.21941682e-02	1.06111440e-01
320             	2.95093697e-02	1.74637016e-02	1.20456681e-02	3.86437519e-04	2.36688121e-04	1.49749398e-04	4.34693616e-05	2.70901672e-03	-6.95884265e-03	1.98306132e-01	9.21942233e-02	1.06111909e-01
321             	2.95098829e-02	1.74639915e-02	1.20458915e-02	3.86344421e-04	2.36640270e-04	1.49704151e-04	4.34680599e-05	2.70904999e-03	-6.95905834e-03	1.98306659e-01	9.21942713e-02	1.06112388e-01
322             	2.95104288e-02	1.74642978e-02	1.20461310e-02	3.86251146e-04	2.36592167e-04	1.49658978e-04	4.34665945e-05	2.70908343e-03	-6.95926142e-03	1.98307172e-01	9.21943244e-02	1.06112847e-01
323             	2.95109256e-02	1.74645789e-02	1.20463467e-02	3.86157420e-04	2.36543734e-04	1.49613687e-04	4.34650237e-05	2.70911608e-03	-6.95947356e-03	1.98307688e-01	9.21943706e-02	1.06113318e-01
324             	2.95114559e-02	1.74648761e-02	1.20465797e-02	3.86066788e-04	2.36496810e-04	1.49569977e-04	4.34634164e-05	2.70914821e-03	-6.95967324e-03	1.98308191e-01	9.21944223e-02	1.06113769e-01
325             	2.95119407e-02	1.74651491e-02	1.20467916e-02	3.85980435e-04	2.36451164e-04	1.49529271e-04	4.34609467e-05	2.70917877e-03	-6.95988170e-03	1.98308699e-01	9.21944679e-02	1.06114231e-01
326             	2.95124589e-02	1.74654384e-02	1.20470205e-02	3.85897705e-04	2.36407329e-04	1.49490376e-04	4.34584764e-05	2.70920892e-03	-6.96007758e-03	1.98309194e-01	9.21945193e-02	1.06114674e-01
327             	2.95129289e-02	1.74657028e-02	1.20472261e-02	3.85815470e-04	2.36364027e-04	1.49451443e-04	4.34562918e-05	2.70923835e-03	-6.96028257e-03	1.98309694e-01	9.21945645e-02	1.06115130e-01
328             	2.95134336e-02	1.74659849e-02	1.20474487e-02	3.85733713e-04	2.36321723e-04	1.49411990e-04	4.34548663e-05	2.70926807e-03	-6.96047515e-03	1.98310181e-01	9.21946151e-02	1.06115565e-01
329             	2.95138940e-02	1.74662437e-02	1.20476503e-02	3.85653020e-04	2.36279380e-04	1.49373640e-04	4.34528703e-05	2.70929671e-03	-6.96067662e-03	1.98310672e-01	9.21946593e-02	1.06116013e-01
330             	2.95143934e-02	1.74665209e-02	1.20478725e-02	3.85578707e-04	2.36240340e-04	1.49338367e-04	4.34509865e-05	2.70932418e-03	-6.96086580e-03	1.98311153e-01	9.21947106e-02	1.06116442e-01
331             	2.95148429e-02	1.74667730e-02	1.20480699e-02	3.85501656e-04	2.36199079e-04	1.49302576e-04	4.34482515e-05	2.70935155e-03	-6.96106404e-03	1.98311636e-01	9.21947542e-02	1.06116882e-01
332             	2.95153249e-02	1.74670423e-02	1.20482826e-02	3.85422441e-04	2.36156822e-04	1.49265619e-04	4.34456015e-05	2.70937984e-03	-6.96124985e-03	1.98312104e-01	9.21948020e-02	1.06117302e-01
333             	2.95157604e-02	1.74672881e-02	1.20484724e-02	3.85341986e-04	2.36113696e-04	1.49228290e-04	4.34427033e-05	2.70940786e-03	-6.96144477e-03	1.98312575e-01	9.21948428e-02	1.06117732e-01
334             	2.95162286e-02	1.74675512e-02	1.20486774e-02	3.85258939e-04	2.36069069e-04	1.49189870e-04	4.34395994e-05	2.70943689e-03	-6.96162732e-03	1.98313032e-01	9.21948889e-02	1.06118144e-01
335             	2.95166442e-02	1.74677896e-02	1.20488547e-02	3.85167853e-04	2.36020164e-04	1.49147689e-04	4.34362375e-05	2.70946747e-03	-6.96181903e-03	1.98313494e-01	9.21949279e-02	1.06118566e-01
336             	2.95170967e-02	1.74680461e-02	1.20490506e-02	3.85080688e-04	2.35975186e-04	1.49105502e-04	4.34348416e-05	2.70949778e-03	-6.96199850e-03	1.98313944e-01	9.21949735e-02	1.06118971e-01
337             	2.95175074e-02	1.74682803e-02	1.20492272e-02	3.84998879e-04	2.35933946e-04	1.49064933e-04	4.34345065e-05	2.70952656e-03	-6.96218714e-03	1.98314403e-01	9.21950142e-02	1.06119388e-01
338             	2.95179543e-02	1.74685319e-02	1.20494224e-02	3.84922546e-04	2.35896318e-04	1.49026228e-04	4.34350453e-05	2.70955474e-03	-6.96236330e-03	1.98314849e-01	9.21950610e-02	1.06119788e-01
339             	2.95183553e-02	1.74687596e-02	1.20495957e-02	3.84848036e-04	2.35859385e-04	1.48988650e-04	4.34353675e-05	2.70958193e-03	-6.96254892e-03	1.98315301e-01	9.21951017e-02	1.06120199e-01
340             	2.95187918e-02	1.74690061e-02	1.20497858e-02	3.84771031e-04	2.35820968e-04	1.48950062e-04	4.34354528e-05	2.70961017e-03	-6.96272226e-03	1.98315739e-01	9.21951471e-02	1.06120592e-01
341             	2.95191847e-02	1.74692304e-02	1.20499543e-02	3.84692942e-04	2.35780451e-04	1.48912491e-04	4.34339796e-05	2.70963804e-03	-6.96290484e-03	1.98316181e-01	9.21951857e-02	1.06120995e-01
342             	2.95196120e-02	1.74694718e-02	1.20501402e-02	3.84616585e-04	2.35739932e-04	1.48876653e-04	4.34316397e-05	2.70966580e-03	-6.96307488e-03	1.98316608e-01	9.21952291e-02	1.06121379e-01
343             	2.95199923e-02	1.74696890e-02	1.20503033e-02	3.84540350e-04	2.35699039e-04	1.48841311e-04	4.34288639e-05	2.70969282e-03	-6.96325445e-03	1.98317040e-01	9.21952657e-02	1.06121775e-01
344             	2.95204073e-02	1.74699237e-02	1.20504836e-02	3.84465347e-04	2.35659656e-04	1.48805691e-04	4.34269822e-05	2.70972004e-03	-6.96342158e-03	1.98317459e-01	9.21953077e-02	1.06122151e-01
345             	2.95207787e-02	1.74701364e-02	1.20506423e-02	3.84390481e-04	2.35621012e-04	1.48769469e-04	4.34257713e-05	2.70974702e-03	-6.96359799e-03	1.98317882e-01	9.21953432e-02	1.06122539e-01
346             	2.95211847e-02	1.74703671e-02	1.20508177e-02	3.84315710e-04	2.35583755e-04	1.48731956e-04	4.34258995e-05	2.70977470e-03	-6.96376186e-03	1.98318293e-01	9.21953846e-02	1.06122908e-01
347             	2.95215447e-02	1.74705737e-02	1.20509710e-02	3.84242007e-04	2.35546923e-04	1.48695085e-04	4.34259189e-05	2.70980136e-03	-6.96393538e-03	1.98318711e-01	9.21954201e-02	1.06123291e-01
348             	2.95219402e-02	1.74707982e-02	1.20511421e-02	3.84169584e-04	2.35510826e-04	1.48658758e-04	4.34260339e-05	2.70982805e-03	-6.96409660e-03	1.98319116e-01	9.21954612e-02	1.06123654e-01
349             	2.95222928e-02	1.74710010e-02	1.20512917e-02	3.84095680e-04	2.35473414e-04	1.48622266e-04	4.34255742e-05	2.70985465e-03	-6.96426741e-03	1.98319527e-01	9.21954962e-02	1.06124031e-01
350             	2.95226805e-02	1.74712224e-02	1.20514580e-02	3.84020597e-04	2.35435718e-04	1.48584879e-04	4.34254198e-05	2.70988220e-03	-6.96442581e-03	1.98319925e-01	9.21955365e-02	1.06124388e-01
351             	2.95230225e-02	1.74714208e-02	1.20516018e-02	3.83944399e-04	2.35397199e-04	1.48547200e-04	4.34249998e-05	2.70990950e-03	-6.96459405e-03	1.98320329e-01	9.21955705e-02	1.06124759e-01
